---
build/images/bg-about.jpg: 2015-10-01 13:34:04.000000000 -07:00
build/images/bg-contact.jpg: 2015-10-01 13:34:04.000000000 -07:00
build/images/bg-header-footer.jpg: 2015-10-01 13:34:04.000000000 -07:00
build/images/bg-news.jpg: 2015-10-01 13:34:04.000000000 -07:00
build/images/ilteg/dancing.jpg: 2015-10-01 13:34:13.000000000 -07:00
build/images/ilteg/family.jpg: 2015-10-01 13:34:14.000000000 -07:00
build/images/ilteg/family2.jpg: 2015-10-01 13:34:14.000000000 -07:00
build/images/ilteg/ilteg2.jpg: 2015-10-01 13:34:26.000000000 -07:00
build/images/ilteg/ilteg3.jpg: 2015-10-01 13:34:26.000000000 -07:00
build/images/ilteg/ilteg5.jpg: 2015-10-01 13:34:14.000000000 -07:00
build/images/logo.png: 2015-10-01 13:34:20.000000000 -07:00
build/images/slider-arrows-light.png: 2015-10-01 13:34:04.000000000 -07:00
build/images/slider-arrows.png: 2015-10-01 13:34:04.000000000 -07:00
