---
build/images/bg-about.jpg: 2015-07-16 14:36:00.000000000 -07:00
build/images/bg-contact.jpg: 2015-07-16 14:36:00.000000000 -07:00
build/images/bg-header-footer.jpg: 2015-07-16 14:36:00.000000000 -07:00
build/images/bg-news.jpg: 2015-07-16 14:36:00.000000000 -07:00
build/images/ilteg/dancing.jpg: 2015-07-16 14:36:07.000000000 -07:00
build/images/ilteg/family.jpg: 2015-07-16 14:36:07.000000000 -07:00
build/images/logo.png: 2015-07-16 14:36:10.000000000 -07:00
build/images/slider-arrows-light.png: 2015-07-16 14:36:00.000000000 -07:00
build/images/slider-arrows.png: 2015-07-16 14:36:00.000000000 -07:00
